0.297732,
0.861825,
-0.292745,
-0.604237,
-0.257423,
1.618547,
2.285886,
1.509673,
-0.975016,
-3.200761,
-2.122622,
-1.222425,
-0.402305,
-0.660509,
-0.277754,
0.280381,
2.163978,
3.841661,
3.821305,
2.984460,
-0.095865,
-0.312321,
-1.205961,
-2.649251,
1.119983,
2.763276,
1.540348,
0.166636,
-0.534529,
-2.687875,
-3.136160,
-1.262904,
0.340717,
-0.690726,
-1.352577,
-1.157281,
-0.399660,
-1.499797,
-1.044630,
1.234319,
0.163908,
-0.014462,
1.247236,
1.634814,
1.600261,
0.307815,
-0.677504,
-1.976127,
-1.758881,
-1.323436,
-1.102028,
1.006941,
1.440898,
1.567362,
1.222220,
-0.576348,
-3.077316,
-4.222899,
-2.408300,
-0.598058,
1.365594,
1.284676,
-0.720424,
-1.266431,
0.194829,
1.093464,
0.810093,
-0.157571,
0.705504,
1.698597,
0.916193,
-1.279499,
-2.651146,
-1.678070,
-1.445086,
-0.993002,
-0.392894,
-0.556171,
-0.984201,
-0.932428,
-0.991169,
-1.867220,
-0.635046,
-0.620985,
0.731577,
0.698662,
0.024991,
0.971231,
1.219824,
0.331936,
-1.104932,
-1.788117,
-0.835741,
0.905451,
1.371333,
0.425684,
0.075455,
0.533827,
0.074437,
1.250650,
0.849151,
1.122114,
1.665882,
1.161453,
0.243845,
0.535129,
-1.390449,
-1.624273,
-0.859910,
0.317813,
-0.137091,
-1.706173,
-4.276007,
-2.877819,
0.338191,
1.332770,
3.543002,
2.235641,
-0.847141,
-2.110650,
-1.581294,
0.156383,
1.068070,
0.226257,
-1.830801,
-2.530622,
-2.978966,
-0.990060,
0.395795,
-0.962180,
-0.794483,
-1.235801,
0.511818,
1.181916,
1.155241,
-0.223097,
-0.277701,
-0.101249,
0.253768,
-0.015881,
0.500615,
-1.930651,
-2.015278,
-0.001746,
0.815226,
1.394233,
0.391124,
-0.133244,
-0.912783,
0.298865,
1.225199,
2.451693,
1.797334,
0.512178,
-0.073185,
1.119117,
-1.234439,
-3.470551,
-1.586578,
2.042232,
2.630747,
2.963445,
3.818264,
2.526238,
0.161579,
-1.578734,
-1.915653,
-0.327612,
0.459567,
2.660682,
2.091218,
0.045020,
-0.456069,
-0.243268,
0.447293,
-1.524950,
-1.898599,
-2.969649,
-1.835011,
0.414803,
2.511887,
3.057454,
2.285588,
1.532298,
0.332843,
-0.471807,
0.382219,
1.705406,
1.043467,
-1.606516,
-4.423572,
-5.242893,
-4.031178,
-0.962615,
0.277134,
0.673107,
0.903931,
-0.818833,
-2.121049,
-2.461014,
-2.202279,
-1.411021,
0.477298,
0.675337,
1.130999,
1.133657,
0.760014,
1.168217,
2.928371,
3.811596,
0.763376,
-0.612510,
-2.241042,
-3.945584,
-4.035771,
-4.244892,
-3.358281,
0.118462,
1.321115,
3.942606,
3.672866,
2.705560,
0.723133,
-0.909225,
-2.054160,
-1.438731,
-1.894586,
-2.025287,
-2.147219,
-0.966237,
1.623274,
4.263922,
1.696582,
-0.088631,
-1.591024,
-2.628186,
-1.729294,
-0.887065,
0.028700,
1.240739,
0.290908,
-0.482172,
-2.327983,
-2.470150,
-0.317306,
-0.827930,
-0.278426,
-1.216461,
-0.858254,
-0.700315,
-0.549717,
-1.803448,
-2.439658,
-1.730956,
-0.439448,
0.234717,
-0.186789,
1.024407,
0.923338,
-0.364762,
-1.585078,
-1.478296,
0.243247,
0.557828,
1.307770,
1.255380,
0.038169,
-1.406743,
-1.248484,
-0.648439,
-0.929188,
-1.399311,
-0.395589,
0.825731,
0.712125,
1.125387,
0.419384,
-0.258812,
0.766318,
0.355803,
-2.070312,
-3.537093,
-2.211088,
-0.658334,
3.198550,
2.112641,
0.269497,
-0.746573,
-2.255151,
-0.802677,
1.068830,
3.013029,
3.166136,
-1.890547,
-4.440668,
-3.183604,
-1.778339,
0.096833,
0.919765,
0.323852,
-0.067975,
0.283073,
1.460157,
0.424675,
-0.877176,
-1.810156,
-0.523672,
1.954033,
3.271590,
3.635587,
2.249068,
-0.370432,
-0.815218,
1.096378,
2.010046,
2.391069,
-0.157452,
-0.781931,
-0.857127,
0.087167,
1.792515,
1.109519,
1.719196,
0.221043,
-0.597723,
-0.401289,
0.964395,
0.841894,
-0.576178,
0.419489,
1.070221,
-1.053201,
-1.268389,
-2.442376,
-1.017265,
1.591090,
1.916944,
0.213006,
0.481464,
-0.135743,
-1.194946,
-2.388846,
-3.259020,
-1.788818,
-0.491055,
1.191839,
1.380672,
0.575066,
-1.836735,
-2.899732,
-1.876935,
-0.855214,
1.358300,
-0.045523,
-0.905871,
-0.768534,
-1.037956,
-0.541686,
1.638559,
0.859014,
-0.311148,
-2.159735,
-1.276224,
-1.402411,
-1.622493,
0.501665,
2.136332,
1.129529,
1.077906,
-0.145954,
-0.578880,
1.328464,
3.875067,
2.767683,
0.800139,
0.455388,
0.662830,
0.202115,
-0.338770,
-1.223856,
-3.326451,
-2.871175,
-2.405818,
-1.198171,
2.473037,
3.106009,
3.379018,
0.715299,
0.301363,
-1.729901,
-2.160509,
-1.004805,
0.695552,
1.073692,
-0.356308,
-2.110830,
-2.654834,
-2.618585,
-1.870254,
-1.511485,
0.665699,
1.691357,
1.641975,
-0.042688,
-0.586864,
-0.242508,
-0.885125,
-1.953045,
-3.445418,
-1.596102,
-0.885542,
-0.040753,
0.485129,
0.596722,
-0.284047,
-0.808760,
-0.973651,
0.780300,
0.110942,
-0.485120,
0.525811,
1.189439,
-0.161676,
0.036756,
-2.584242,
-3.095210,
-0.235342,
1.810724,
2.720003,
1.721688,
-0.018530,
-0.183458,
2.142867,
1.966197,
2.331784,
0.809383,
-0.786581,
-0.540537,
-1.049299,
0.163245,
-0.995372,
-3.497743,
-3.158978,
-1.081225,
1.773668,
2.433949,
2.501544,
1.525130,
0.953854,
-0.777481,
-1.330815,
-1.539864,
-1.111446,
1.955136,
1.106703,
0.163312,
-0.710940,
-0.413213,
1.734935,
2.853857,
1.329475,
-1.531220,
-1.347964,
-1.574472,
-1.615753,
-0.363167,
-1.077739,
0.660092,
1.301783,
0.737647,
0.894581,
1.331970,
0.635509,
1.071857,
1.121414,
1.685488,
1.388256,
0.354419,
1.409037,
0.448621,
0.377187,
2.175266,
1.573324,
1.120327,
0.653218,
-0.255191,
-0.585355,
0.160026,
2.781183,
3.587598,
1.952921,
-1.814000,
-2.541400,
-1.373423,
-0.894203,
0.801841,
1.639816,
1.825795,
0.519701,
-1.077051,
-1.804326,
-2.376381,
-1.996759,
-0.081726,
-1.338693,
-3.069803,
-2.373866,
-0.510472,
-0.272369,
0.519309,
1.914516,
2.338604,
-0.182049,
-2.081914,
-2.844701,
-2.142496,
-1.391431,
-1.161797,
1.443832,
1.691761,
0.817419,
0.257900,
-1.883031,
-3.153614,
-1.742234,
0.185963,
-0.103939,
0.928738,
0.913968,
0.591290,
0.243589,
-0.602028,
-2.555104,
-2.384967,
-2.672386,
-1.644569,
-0.101030,
0.919217,
-0.416540,
-0.509549,
-1.511745,
-1.005298,
0.353776,
2.454831,
0.227139,
-0.171015,
-0.446739,
-0.436542,
-0.775576,
-0.323151,
-0.193981,
-0.651169,
-1.092784,
-0.150918,
0.887101,
2.063180,
1.982574,
0.805090,
-1.324569,
-1.412330,
-1.056630,
-0.128950,
1.273945,
0.845572,
-0.273660,
-0.955640,
-0.606214,
1.908544,
1.338756,
1.724411,
0.839600,
0.875291,
0.515198,
-0.456660,
-0.973458,
0.213746,
1.967260,
2.821409,
1.274018,
-1.425511,
-1.661652,
-0.420916,
-2.102641,
-1.867952,
1.278929,
2.024468,
0.740812,
-1.279189,
-3.460555,
-3.310400,
-1.278694,
-0.607401,
0.285412,
1.377081,
0.641079,
0.444742,
0.689687,
0.424511,
2.036116,
0.551658,
-0.191334,
-1.393907,
-2.020002,
-0.882074,
1.220821,
1.831961,
2.526401,
0.680289,
-0.244754,
-1.115792,
-1.750772,
-3.824436,
-2.188868,
1.598200,
3.192275,
3.769498,
2.232341,
-0.882828,
-2.871470,
-3.232722,
-0.694611,
0.441389,
0.880136,
-0.673707,
-1.296840,
-2.585853,
-2.639857,
-0.587438,
2.442144,
3.221304,
2.097470,
1.560079,
1.239364,
-1.989547,
-4.400795,
-4.239378,
-2.912588,
-2.393130,
-1.615090,
-1.349701,
0.558065,
0.622941,
-0.932108,
-1.659845,
-1.878758,
-0.786675,
-0.078582,
-1.170761,
-0.551147,
-0.329718,
-0.654174,
-1.341111,
-0.220136,
0.341490,
-1.101255,
0.898794,
1.107726,
0.929386,
0.730351,
-1.040868,
-0.184901,
0.586650,
0.822755,
1.880069,
1.627787,
-1.034532,
-1.864486,
-0.180226,
1.964650,
2.319439,
-0.356360,
-0.419637,
-0.298841,
0.102870,
1.533563,
1.884885,
-2.604108,
-5.210287,
-4.736241,
-3.422391,
-0.900806,
0.962349,
0.719639,
1.407922,
0.260020,
-0.789534,
-1.586922,
-2.088618,
-1.240540,
-1.590387,
-1.282309,
0.343209,
1.798144,
-0.319538,
-0.811890,
-1.110106,
-0.253624,
0.473547,
0.284279,
0.034189,
0.499952,
1.208882,
0.209217,
-1.722578,
-2.246238,
-0.364952,
1.100979,
1.677455,
0.684432,
-0.919955,
0.814861,
1.169674,
0.728996,
-0.129538,
-0.424321,
-0.679062,
-1.511118,
-0.678645,
1.516703,
2.040894,
0.538394,
-0.425625,
0.325481,
2.321437,
0.753453,
-0.293256,
-1.103266,
-0.412037,
0.308513,
-0.074097,
-2.035542,
-3.212668,
-2.801298,
-1.468666,
1.107726,
1.247487,
1.065658,
1.347738,
1.046572,
0.457501,
-0.676332,
-0.063763,
1.903020,
2.410440,
1.766244,
0.796394,
0.947310,
0.218216,
-0.767632,
-0.344876,
-0.267542,
0.796720,
-0.533378,
0.394628,
-0.069302,
-0.028067,
-0.461295,
0.266309,
-0.920540,
-2.120988,
-0.028338,
0.056767,
-0.627426,
-0.593492,
-1.078484,
-0.635031,
1.080137,
1.466336,
2.652454,
0.469546,
-1.141324,
-2.250139,
-1.310976,
-1.447576,
-2.551682,
-2.221427,
-2.760624,
-2.548015,
-1.715006,
-2.111390,
-0.689968,
0.671340,
0.389175,
-1.338834,
-1.808717,
-1.307150,
-2.575739,
-0.614746,
1.108653,
-0.337520,
1.086233,
1.101447,
-0.915061,
-2.391829,
-1.671591,
-1.915471,
-1.553220,
-0.696990,
-0.345350,
0.206812,
-0.332526,
-0.686449,
-0.329458,
-2.206321,
-3.959799,
-3.923717,
-1.863964,
0.300690,
0.501550,
1.663638,
2.545868,
1.536942,
3.589544,
2.455763,
1.644383,
0.353480,
-2.193563,
-0.490469,
-0.457239,
-0.138273,
2.011161,
2.723029,
2.088445,
0.581511,
-0.217510,
1.381903,
1.029698,
0.117207,
-0.853220,
-1.323873,
-1.069745,
0.211066,
0.834148,
-0.032105,
1.202782,
0.349265,
-0.582563,
-0.677098,
-2.068022,
-2.738554,
-2.998206,
-4.293225,
-0.661122,
0.755137,
1.925757,
1.565383,
-0.391634,
-1.214715,
-0.614154,
-1.149610,
0.355572,
2.127215,
1.852053,
1.402793,
-0.741835,
-0.871357,
-0.628750,
1.415447,
0.772749,
2.076534,
1.710245,
1.117486,
1.711892,
2.256100,
0.524290,
-1.518999,
-2.695966,
-0.861716,
0.350569,
0.336716,
0.243949,
1.111359,
0.830495,
0.584098,
-2.146555,
-3.106187,
-3.099495,
-2.185558,
-1.397778,
-0.727105,
-0.519544,
0.501754,
2.197609,
0.411699,
1.065739,
2.142940,
1.703713,
2.212342,
1.605269,
-0.521156,
-0.195950,
2.297097,
1.620825,
-0.529181,
-0.201267,
0.039372,
-1.223827,
-0.007197,
0.450641,
-0.340967,
-1.147860,
-1.475041,
0.036317,
-0.381890,
0.069175,
1.264532,
0.370101,
0.072222,
-1.766298,
-1.105530,
-1.344591,
0.014538,
1.120398,
0.701729,
-1.338338,
-0.357616,
0.464256,
2.320363,
2.096800,
-0.841767,
-0.200100,
-0.070606,
0.953845,
0.266907,
0.401819,
1.103354,
1.915531,
1.862902,
0.864326,
0.077353,
-0.052465,
-0.829603,
-0.252948,
-0.902620,
-2.681524,
-2.063648,
-0.525154,
0.727406,
2.762827,
3.632007,
4.114386,
2.518733,
1.370176,
-0.480361,
-1.396429,
-2.904018,
-2.135971,
0.243019,
0.252828,
-0.091166,
-0.941661,
-1.704487,
-0.331263,
0.588248,
1.493472,
1.596124,
1.785179,
-1.270087,
-3.184799,
-2.721641,
-0.781329,
1.727924,
1.478965,
0.010055,
-1.014582,
-0.324389,
0.289337,
1.577233,
0.660633,
0.283150,
0.340022,
-1.445561,
-1.319183,
1.143291,
0.605097,
-0.603629,
-1.922936,
-0.492053,
-0.087099,
0.910285,
-0.690925,
-2.968620,
-1.625802,
0.451815,
1.544790,
2.285950,
1.581146,
0.578076,
-1.087389,
-1.366922,
-1.923544,
-2.130783,
-1.646243,
-0.442116,
1.983840,
2.582428,
1.996653,
1.248718,
1.454060,
1.410119,
0.746762,
-0.391340,
-0.167501,
-1.655348,
-1.529865,
0.241054,
0.778034,
1.234327,
1.017740,
0.985605,
-0.016732,
1.161727,
1.566704,
1.126850,
-0.847100,
-1.603674,
-2.625730,
-2.112480,
-2.028756,
-1.036481,
0.130103,
0.163798,
1.731644,
3.018641